Northwind:
Training:
predict_result:[4.5312652587890625, 6.603451728820801, 33.24549865722656, 34.68513107299805, 27.499555587768555, 19.95338249206543, 11.24017333984375, 14.440052032470703, 4.81302547454834, 37.08875274658203, 11.616822242736816, 34.25658416748047, 12.35058307647705, 16.558696746826172, 16.54442596435547, 14.396437644958496, 27.713409423828125, 1.116041660308838, 18.44127082824707, 12.729667663574219, 9.184365272521973, 23.99671745300293, 6.3274126052856445, 15.106546401977539, 0.6051443815231323, 8.07461929321289, 8.367835998535156, 1.439250111579895, 15.403860092163086, 18.0126895904541, 19.241954803466797, 2.924271583557129, 3.5860910415649414, 3.8094029426574707, 7.982057571411133, 27.020387649536133, 8.662125587463379, 8.099939346313477, 4.751404285430908, 25.03783416748047, 16.52027702331543, 12.113253593444824, 27.847064971923828, 29.90730857849121, 16.179630279541016, 17.371065139770508, 10.624492645263672, 20.891931533813477, 21.61583137512207, 30.985013961791992]
true_label:[3.0, 3.0, 37.0, 37.0, 32.0, 22.0, 14.0, 16.0, 4.0, 44.0, 9.0, 41.0, 1.0, 19.0, 21.0, 19.0, 33.0, 0.0, 24.0, 17.0, 12.0, 6.0, 7.0, 17.0, 3.0, 8.0, 11.0, 0.0, 19.0, 0.0, 24.0, 5.0, 2.0, 0.0, 10.0, 33.0, 11.0, 9.0, 5.0, 30.0, 0.0, 0.0, 15.0, 35.0, 13.0, 20.0, 10.0, 4.0, 23.0, 23.0]

Development:
predict_result:[4.260235786437988, 8.36387825012207, 22.180532455444336, 33.32365417480469, 16.60737419128418, 37.72022247314453, 12.945328712463379, 34.76263427734375, 17.93245506286621, 37.53176498413086, 31.298616409301758, 7.604186058044434, 0.25261256098747253, 22.057828903198242, 2.1087145805358887, 6.034118175506592, 17.427078247070312, 4.276025772094727, 8.174283027648926, 1.0415953397750854, 4.072761535644531, 6.696231842041016, 11.362465858459473, 17.020427703857422, 1.4738249778747559, 8.827470779418945, 6.766907215118408, 4.893930435180664, 27.50362205505371, 4.74163818359375, 14.442338943481445, 16.40691375732422, 17.754060745239258, 1.3605417013168335, 8.73296070098877, 23.523386001586914, 24.520322799682617, 19.35433006286621, 15.97980785369873, 18.183876037597656, 20.18218231201172, 12.936851501464844, -1.0260751247406006, 9.86269474029541, 13.565258979797363, 15.302521705627441, 25.997411727905273, 29.580785751342773, 24.487455368041992, 28.95108985900879]
true_label:[6.0, 8.0, 25.0, 34.0, 18.0, 39.0, 13.0, 9.0, 5.0, 45.0, 40.0, 11.0, 17.0, 29.0, 22.0, 0.0, 21.0, 7.0, 4.0, 5.0, 5.0, 9.0, 12.0, 26.0, 27.0, 6.0, 0.0, 1.0, 31.0, 3.0, 6.0, 22.0, 23.0, 0.0, 12.0, 3.0, 29.0, 23.0, 6.0, 21.0, 24.0, 6.0, 18.0, 0.0, 16.0, 0.0, 21.0, 32.0, 12.0, 31.0]


Testing:
predict_result:[8.226821899414062, 12.902520179748535, 16.543550491333008, 17.013425827026367, 26.38822364807129, 16.384361267089844, 17.026872634887695, 17.106731414794922, 5.839733600616455, 9.830810546875, 11.228013038635254, -0.654044508934021, 35.934261322021484, 4.8303375244140625, 14.623489379882812, 8.487227439880371, 28.99656867980957, 11.961405754089355, 7.616767883300781, 6.408957481384277, 3.7163572311401367, 14.569677352905273, 7.793393611907959, 29.762487411499023, 2.291692018508911, 8.584190368652344, 8.330740928649902, 6.945420265197754, 30.331405639648438, 8.419857025146484, 22.923917770385742, 2.042999267578125, 1.3568861484527588, 12.269948959350586, 16.30337905883789, 11.460453033447266, 25.555944442749023, 19.71135139465332, 12.359777450561523, 14.770236015319824, 38.892215728759766, 16.141508102416992, 14.682665824890137, 27.772357940673828, 28.19321632385254, 27.9144344329834, 26.2469539642334, 14.041648864746094, 13.498347282409668, 4.755223751068115]
true_label:[8.0, 3.0, 27.0, 19.0, 30.0, 34.0, 17.0, 0.0, 3.0, 2.0, 25.0, 7.0, 25.0, 1.0, 0.0, 12.0, 28.0, 7.0, 12.0, 9.0, 3.0, 5.0, 3.0, 21.0, 0.0, 14.0, 3.0, 15.0, 19.0, 15.0, 33.0, 0.0, 0.0, 11.0, 1.0, 18.0, 22.0, 10.0, 15.0, 29.0, 41.0, 11.0, 16.0, 27.0, 25.0, 43.0, 29.0, 14.0, 9.0, 4.0]


Freedom:
Training
predict_result:[2.8132052421569824, 3.1974730491638184, 37.14408874511719, 37.37013244628906, 32.393341064453125, 23.020410537719727, 13.495759010314941, 16.558582305908203, 2.273171901702881, 43.823265075683594, 8.013696670532227, 38.57112503051758, 1.0678550004959106, 20.20928382873535, 20.616899490356445, 19.940731048583984, 34.773414611816406, 2.2056562900543213, 24.893640518188477, 16.374372482299805, 12.534445762634277, 7.215405464172363, 9.44518756866455, 18.520065307617188, 3.0684711933135986, 8.01964282989502, -0.25527018308639526, 0.20408037304878235, 20.011310577392578, 0.028610646724700928, 26.59663200378418, 8.183830261230469, 1.8546011447906494, -0.06451797485351562, 10.188161849975586, 35.32248306274414, 13.361339569091797, 11.663668632507324, 5.455763339996338, 31.21039390563965, 0.004848062992095947, 0.028610646724700928, 16.078418731689453, 37.75835037231445, 16.509105682373047, 19.975116729736328, 10.678702354431152, 4.205294609069824, 23.371095657348633, 23.786970138549805]
true_label:[3.0, 3.0, 37.0, 37.0, 32.0, 22.0, 14.0, 16.0, 4.0, 44.0, 9.0, 41.0, 1.0, 19.0, 21.0, 19.0, 33.0, 0.0, 24.0, 17.0, 12.0, 6.0, 7.0, 17.0, 3.0, 8.0, 11.0, 0.0, 19.0, 0.0, 24.0, 5.0, 2.0, 0.0, 10.0, 33.0, 11.0, 9.0, 5.0, 30.0, 0.0, 0.0, 15.0, 35.0, 13.0, 20.0, 10.0, 4.0, 23.0, 23.0]

Development:
predict_result:[4.5695366859436035, 4.376077175140381, 25.002899169921875, 33.00583267211914, 21.5100040435791, 40.07154083251953, 8.93162727355957, 7.871529579162598, 6.36854887008667, 38.82164001464844, 26.627832412719727, 8.01641845703125, 19.105026245117188, 34.372215270996094, 20.310653686523438, 2.2496261596679688, 22.788185119628906, 5.558268070220947, 4.453479290008545, 4.432960510253906, 6.396003723144531, 3.392467975616455, 12.356739044189453, 31.874696731567383, 26.50847053527832, 1.8443400859832764, 0.6250759959220886, 0.23217064142227173, 34.7943115234375, 10.333579063415527, 3.4714865684509277, 24.11454200744629, 21.335229873657227, 2.9414236545562744, 14.332773208618164, 0.20448711514472961, 27.959136962890625, 24.887331008911133, 4.444797992706299, 19.6728458404541, 30.80965805053711, 7.455221176147461, 23.40331268310547, 0.5764985084533691, 21.70115852355957, 3.0356013774871826, 22.921113967895508, 31.270320892333984, 13.24930477142334, 35.2156867980957]
true_label:[6.0, 8.0, 25.0, 34.0, 18.0, 39.0, 13.0, 9.0, 5.0, 45.0, 40.0, 11.0, 17.0, 29.0, 22.0, 0.0, 21.0, 7.0, 4.0, 5.0, 5.0, 9.0, 12.0, 26.0, 27.0, 6.0, 0.0, 1.0, 31.0, 3.0, 6.0, 22.0, 23.0, 0.0, 12.0, 3.0, 29.0, 23.0, 6.0, 21.0, 24.0, 6.0, 18.0, 0.0, 16.0, 0.0, 21.0, 32.0, 12.0, 31.0]

Testing:
predict_result:[5.043493747711182, 11.58720588684082, 14.023884773254395, 14.734829902648926, 27.325504302978516, 30.76334571838379, 20.74810791015625, 11.10842514038086, 2.935723066329956, -0.4099072813987732, 9.298018455505371, 18.459911346435547, 23.035215377807617, 5.458388328552246, 9.916033744812012, 7.881911754608154, 33.19599151611328, 7.10584020614624, 11.467461585998535, 6.744455814361572, 7.2208099365234375, 3.0111541748046875, 3.4722354412078857, 14.786542892456055, 6.174278736114502, 10.596837997436523, 8.375372886657715, 9.676443099975586, 31.73914909362793, 7.135005474090576, 20.739288330078125, 2.107173204421997, 3.783031940460205, 6.395878314971924, 2.017763614654541, 10.546673774719238, 31.23068618774414, 26.387784957885742, 21.98757553100586, 18.785608291625977, 35.18605422973633, 14.29095458984375, 24.428499221801758, 30.23857879638672, 36.370452880859375, 29.3553409576416, 32.40129089355469, 19.785982131958008, 14.936077117919922, 5.323401927947998]
true_label:[8.0, 3.0, 27.0, 19.0, 30.0, 34.0, 17.0, 0.0, 3.0, 2.0, 25.0, 7.0, 25.0, 1.0, 0.0, 12.0, 28.0, 7.0, 12.0, 9.0, 3.0, 5.0, 3.0, 21.0, 0.0, 14.0, 3.0, 15.0, 19.0, 15.0, 33.0, 0.0, 0.0, 11.0, 1.0, 18.0, 22.0, 10.0, 15.0, 29.0, 41.0, 11.0, 16.0, 27.0, 25.0, 43.0, 29.0, 14.0, 9.0, 4.0]
